9
-374305.781 225191.953
-375127.656 169576.156
-375949.125 113973.258
-376770.375 58379.0547
-377591.531 2789.28955
-378412.625 -52800.2617
-379233.812 -108393.836
-380055.250 -163995.656
-380877.094 -219609.984
9
-380877.094 -219609.984
-326469.656 -220356.719
-272060.594 -220988.656
-217650.156 -221505.750
-163238.578 -221907.984
-108826.180 -222195.328
-54413.2227 -222367.750
0.00000000 -222425.219
54413.2227 -222367.750
9
54413.2227 -222367.750
54295.7461 -166746.766
54178.3242 -111138.469
54060.9375 -55538.6484
53943.5625 56.9416122
53826.1914 55652.5352
53708.8008 111252.367
53591.3750 166860.672
53473.8906 222481.703
9
53473.8906 222481.703
0.00000000 222425.219
-53473.8906 222481.703
-106947.586 222651.141
-160420.875 222933.516
-213893.531 223328.844
-267365.375 223837.031
-320836.188 224458.078
-374305.781 225191.953
